0 0.220000
1 0.780000
2 0.360000
3 0.220000
4 0.540000
5 0.280000
6 0.840000
7 0.600000
8 0.220000
9 0.260000
10 0.340000
11 0.180000
12 1.620000
13 9.540000
14 5.340000
15 6.300000
16 5.360000
17 5.120000
18 6.720000
19 6.640000
20 5.840000
21 7.700000
22 7.400000
23 4.960000
24 7.380000
25 7.580000
26 8.920000
27 8.620000
28 9.040000
29 8.820000
30 8.780000
31 8.120000
32 7.900000
33 9.540000
34 9.140000
35 9.180000
36 9.260000
37 9.980000
38 9.980000
39 9.980000
40 9.140000
41 9.180000
42 9.980000
43 9.180000
44 9.980000
45 9.180000
46 9.980000
47 9.180000
48 9.980000
49 9.180000
50 9.980000
51 9.180000
52 9.980000
53 9.180000
54 9.980000
55 9.180000
56 9.980000
57 9.180000
58 9.180000
59 9.980000
60 9.180000
61 9.980000
62 9.180000
63 9.980000
64 9.180000
65 9.980000
66 9.180000
67 9.980000
68 9.180000
69 9.980000
70 9.180000
71 9.980000
72 9.180000
73 9.180000
74 8.920000
75 9.980000
76 9.180000
77 9.980000
78 6.000000
79 5.920000
80 9.180000
81 7.900000
82 9.980000
83 9.180000
84 9.980000
85 9.180000
86 9.980000
87 9.180000
88 9.980000
89 6.080000
90 9.360000
91 9.480000
92 1368.420000
93 2000.020000
94 2000.020000
95 2000.020000
96 2000.020000
97 2000.020000
98 2000.020000
99 2000.020000
100 2000.020000
101 2000.020000
102 2000.020000
103 2000.020000
104 2000.020000
105 2000.020000
106 2000.020000
107 2000.020000
108 2000.020000
109 2000.020000
110 2000.020000
111 2000.020000
112 2000.020000
113 2000.020000
114 2000.020000
115 2000.020000
116 2000.020000
117 2000.020000
118 2000.020000
119 2000.020000
120 2000.020000
121 2000.020000
122 2000.020000
123 2000.020000
124 2000.020000
125 2000.020000
126 2000.020000
127 2000.020000
128 2000.020000
129 2000.020000
130 2000.020000
131 2000.020000
132 2000.020000
133 2000.020000
134 2000.020000
135 2000.020000
136 2000.020000
137 2000.020000
138 2000.020000
139 2000.020000
140 2000.020000
141 2000.020000
142 2000.020000
143 2000.020000
144 2000.020000
145 2000.020000
146 2000.020000
147 2000.020000
148 2000.020000
149 2000.020000
150 2000.020000
151 2000.020000
152 2000.020000
153 2000.020000
154 2000.020000
155 2000.020000
156 2000.020000
157 2000.020000
158 2000.020000
159 2000.020000
160 2000.020000
161 2000.020000
162 2000.020000
163 2000.020000
164 2000.020000
165 2000.020000
166 2000.020000
167 2000.020000
168 2000.020000
169 2000.020000
170 2000.020000
171 2000.020000
172 2000.020000
173 2000.020000
174 2000.020000
175 2000.020000
176 2000.020000
177 2000.020000
178 2000.020000
179 2000.020000
180 2000.020000
181 2000.020000
182 2000.020000
183 2000.020000
184 2000.020000
185 2000.020000
186 2000.020000
187 2000.020000
188 2000.020000
189 2000.020000
190 2000.020000
191 2000.020000
192 2000.020000
193 2000.020000
194 2000.020000
195 2000.020000
196 2000.020000
197 2000.020000
198 2000.020000
199 2000.020000
200 2000.020000
201 2000.020000
202 2000.020000
203 2000.020000
204 2000.020000
205 2000.020000
206 2000.020000
207 2000.020000
208 2000.020000
209 2000.020000
210 2000.020000
211 2000.020000
212 2000.020000
213 2000.020000
214 2000.020000
215 2000.020000
216 2000.020000
217 2000.020000
218 2000.020000
219 2000.020000
220 2000.020000
221 2000.020000
222 2000.020000
223 2000.020000
224 2000.020000
225 2000.020000
226 2000.020000
227 2000.020000
228 2000.020000
229 2000.020000
230 2000.020000
231 2000.020000
232 2000.020000
233 2000.020000
234 2000.020000
235 2000.020000
236 2000.020000
237 2000.020000
238 2000.020000
239 2000.020000
240 2000.020000
241 2000.020000
242 2000.020000
243 2000.020000
244 2000.020000
245 2000.020000
246 2000.020000
247 2000.020000
248 2000.020000
249 2000.020000
250 2000.020000
251 2000.020000
252 2000.020000
253 2000.020000
254 2000.020000
255 2000.020000
256 2000.020000
257 2000.020000
258 2000.020000
259 2000.020000
260 2000.020000
261 2000.020000
262 2000.020000
263 2000.020000
264 2000.020000
265 2000.020000
266 2000.020000
267 2000.020000
268 2000.020000
269 2000.020000
270 2000.020000
271 2000.020000
272 2000.020000
273 2000.020000
274 2000.020000
275 2000.020000
276 2000.020000
277 2000.020000
278 2000.020000
279 2000.020000
280 2000.020000
281 2000.020000
282 2000.020000
283 2000.020000
284 2000.020000
285 2000.020000
286 2000.020000
287 2000.020000
288 2000.020000
289 2000.020000
290 2000.020000
291 2000.020000
292 2000.020000
293 2000.020000
294 2000.020000
295 2000.020000
296 2000.020000
297 2000.020000
298 2000.020000
299 2000.020000
300 2000.020000
301 2000.020000
302 2000.020000
303 2000.020000
304 2000.020000
305 2000.020000
306 2000.020000
307 2000.020000
308 2000.020000
309 2000.020000
310 2000.020000
311 2000.020000
312 2000.020000
313 2000.020000
314 2000.020000
315 2000.020000
316 2000.020000
317 2000.020000
318 2000.020000
319 2000.020000
320 2000.020000
321 2000.020000
322 2000.020000
323 2000.020000
324 2000.020000
325 2000.020000
326 2000.020000
327 2000.020000
328 2000.020000
329 2000.020000
330 2000.020000
331 2000.020000
332 2000.020000
333 2000.020000
334 2000.020000
335 2000.020000
336 2000.020000
337 2000.020000
338 2000.020000
339 2000.020000
340 2000.020000
341 2000.020000
342 2000.020000
343 2000.020000
344 2000.020000
345 2000.020000
346 2000.020000
347 2000.020000
348 2000.020000
349 2000.020000
350 2000.020000
351 2000.020000
352 2000.020000
353 2000.020000
354 2000.020000
355 2000.020000
356 2000.020000
357 2000.020000
358 2000.020000
359 2000.020000
360 2000.020000
361 2000.020000
362 2000.020000
363 2000.020000
364 2000.020000
365 2000.020000
366 2000.020000
367 2000.020000
368 2000.020000
369 2000.020000
370 2000.020000
371 2000.020000
372 2000.020000
373 2000.020000
374 2000.020000
375 2000.020000
376 2000.020000
377 2000.020000
378 2000.020000
379 2000.020000
380 2000.020000
381 2000.020000
382 2000.020000
383 2000.020000
384 2000.020000
385 2000.020000
386 2000.020000
387 2000.020000
388 2000.020000
389 2000.020000
390 2000.020000
391 2000.020000
392 2000.020000
393 2000.020000
394 2000.020000
395 2000.020000
396 2000.020000
397 2000.020000
398 2000.020000
399 2000.020000
400 2000.020000
401 2000.020000
402 2000.020000
403 2000.020000
404 2000.020000
405 2000.020000
406 2000.020000
407 2000.020000
408 2000.020000
409 2000.020000
410 2000.020000
411 2000.020000
412 2000.020000
413 2000.020000
414 2000.020000
415 2000.020000
416 2000.020000
417 2000.020000
418 2000.020000
419 2000.020000
420 2000.020000
421 2000.020000
422 2000.020000
423 2000.020000
424 2000.020000
425 2000.020000
426 2000.020000
427 2000.020000
428 2000.020000
429 2000.020000
430 2000.020000
431 2000.020000
432 2000.020000
433 2000.020000
434 2000.020000
435 2000.020000
436 2000.020000
437 2000.020000
438 2000.020000
439 2000.020000
440 2000.020000
441 2000.020000
442 2000.020000
443 2000.020000
444 2000.020000
445 2000.020000
446 2000.020000
447 2000.020000
448 2000.020000
449 2000.020000
450 2000.020000
451 2000.020000
452 2000.020000
453 2000.020000
454 2000.020000
455 2000.020000
456 2000.020000
457 2000.020000
458 2000.020000
459 2000.020000
460 2000.020000
461 2000.020000
462 2000.020000
463 2000.020000
464 2000.020000
465 2000.020000
466 2000.020000
467 2000.020000
468 2000.020000
469 2000.020000
470 2000.020000
471 2000.020000
472 2000.020000
473 2000.020000
474 2000.020000
475 2000.020000
476 2000.020000
477 2000.020000
478 2000.020000
479 2000.020000
480 2000.020000
481 2000.020000
482 2000.020000
483 2000.020000
484 2000.020000
485 2000.020000
486 2000.020000
487 2000.020000
488 2000.020000
489 2000.020000
490 2000.020000
491 2000.020000
492 2000.020000
493 2000.020000
494 2000.020000
495 2000.020000
496 2000.020000
497 2000.020000
498 2000.020000
499 2000.020000
500 2000.020000
501 2000.020000
502 2000.020000
503 2000.020000
504 2000.020000
505 2000.020000
506 2000.020000
507 2000.020000
508 2000.020000
509 2000.020000
510 2000.020000
511 2000.020000
512 2000.020000
513 2000.020000
514 2000.020000
515 2000.020000
516 2000.020000
517 2000.020000
518 2000.020000
519 2000.020000
520 2000.020000
521 2000.020000
522 2000.020000
523 2000.020000
524 2000.020000
525 2000.020000
526 2000.020000
527 2000.020000
528 2000.020000
529 2000.020000
530 2000.020000
531 2000.020000
532 2000.020000
533 2000.020000
534 2000.020000
535 2000.020000
536 2000.020000
537 2000.020000
538 2000.020000
539 2000.020000
540 2000.020000
541 2000.020000
542 2000.020000
543 2000.020000
544 2000.020000
545 2000.020000
546 2000.020000
547 2000.020000
548 2000.020000
549 2000.020000
550 2000.020000
551 2000.020000
552 2000.020000
553 2000.020000
554 2000.020000
555 2000.020000
556 2000.020000
557 2000.020000
558 2000.020000
559 2000.020000
560 2000.020000
561 2000.020000
562 2000.020000
563 2000.020000
564 2000.020000
565 2000.020000
566 2000.020000
567 2000.020000
568 2000.020000
569 2000.020000
570 2000.020000
571 2000.020000
572 2000.020000
573 2000.020000
574 2000.020000
575 2000.020000
576 2000.020000
577 2000.020000
578 2000.020000
579 2000.020000
580 2000.020000
581 2000.020000
582 2000.020000
583 2000.020000
584 2000.020000
585 2000.020000
586 2000.020000
587 2000.020000
588 2000.020000
589 2000.020000
590 2000.020000
591 2000.020000
592 2000.020000
593 2000.020000
594 2000.020000
595 2000.020000
596 2000.020000
597 2000.020000
598 2000.020000
599 2000.020000
600 2000.020000
601 2000.020000
602 2000.020000
603 2000.020000
604 2000.020000
605 2000.020000
606 2000.020000
607 2000.020000
608 2000.020000
609 2000.020000
610 2000.020000
611 2000.020000
612 2000.020000
613 2000.020000
614 2000.020000
615 2000.020000
616 2000.020000
617 2000.020000
618 2000.020000
619 2000.020000
620 2000.020000
621 2000.020000
622 2000.020000
623 2000.020000
624 2000.020000
625 2000.020000
626 2000.020000
627 2000.020000
628 2000.020000
629 2000.020000
630 2000.020000
631 2000.020000
632 2000.020000
633 2000.020000
634 2000.020000
635 2000.020000
636 2000.020000
637 2000.020000
638 2000.020000
639 2000.020000
640 2000.020000
641 2000.020000
642 2000.020000
643 2000.020000
644 2000.020000
645 2000.020000
646 2000.020000
647 2000.020000
648 2000.020000
649 2000.020000
650 2000.020000
651 2000.020000
652 2000.020000
653 2000.020000
654 2000.020000
655 2000.020000
656 2000.020000
657 2000.020000
658 2000.020000
659 2000.020000
660 2000.020000
661 2000.020000
662 2000.020000
663 2000.020000
664 2000.020000
665 2000.020000
666 2000.020000
667 2000.020000
668 2000.020000
669 2000.020000
670 2000.020000
671 2000.020000
672 2000.020000
673 2000.020000
674 2000.020000
675 2000.020000
676 2000.020000
677 2000.020000
678 2000.020000
679 2000.020000
680 2000.020000
681 2000.020000
682 2000.020000
683 2000.020000
684 2000.020000
685 2000.020000
686 2000.020000
687 2000.020000
688 2000.020000
689 2000.020000
690 2000.020000
691 2000.020000
692 2000.020000
693 2000.020000
694 2000.020000
695 2000.020000
696 2000.020000
697 2000.020000
698 2000.020000
699 2000.020000
700 2000.020000
701 2000.020000
702 2000.020000
703 2000.020000
704 2000.020000
705 2000.020000
706 2000.020000
707 2000.020000
708 2000.020000
709 2000.020000
710 2000.020000
711 2000.020000
712 2000.020000
713 2000.020000
714 2000.020000
715 2000.020000
716 2000.020000
717 2000.020000
718 2000.020000
719 2000.020000
720 2000.020000
721 2000.020000
722 2000.020000
723 2000.020000
724 2000.020000
725 2000.020000
726 2000.020000
727 2000.020000
728 2000.020000
729 2000.020000
730 2000.020000
731 2000.020000
732 2000.020000
733 2000.020000
734 2000.020000
735 2000.020000
736 2000.020000
737 2000.020000
738 2000.020000
739 2000.020000
740 2000.020000
741 2000.020000
742 2000.020000
743 2000.020000
744 2000.020000
745 2000.020000
746 2000.020000
747 2000.020000
748 2000.020000
749 2000.020000
750 2000.020000
751 2000.020000
752 2000.020000
753 2000.020000
754 2000.020000
755 2000.020000
756 2000.020000
757 2000.020000
758 2000.020000
759 2000.020000
760 2000.020000
761 2000.020000
762 2000.020000
763 2000.020000
764 2000.020000
765 2000.020000
766 2000.020000
767 2000.020000
768 2000.020000
769 2000.020000
770 2000.020000
771 2000.020000
772 2000.020000
773 2000.020000
774 2000.020000
775 2000.020000
776 2000.020000
777 2000.020000
778 2000.020000
779 2000.020000
780 2000.020000
781 2000.020000
782 2000.020000
783 2000.020000
784 2000.020000
785 2000.020000
786 2000.020000
787 2000.020000
788 2000.020000
789 2000.020000
790 2000.020000
791 2000.020000
792 2000.020000
793 2000.020000
794 2000.020000
795 2000.020000
796 2000.020000
797 2000.020000
798 2000.020000
799 2000.020000
800 2000.020000
801 2000.020000
802 2000.020000
803 2000.020000
804 2000.020000
805 2000.020000
806 2000.020000
807 2000.020000
808 2000.020000
809 2000.020000
810 2000.020000
811 2000.020000
812 2000.020000
813 2000.020000
814 2000.020000
815 2000.020000
816 2000.020000
817 2000.020000
818 2000.020000
819 2000.020000
820 2000.020000
821 2000.020000
822 2000.020000
823 2000.020000
824 2000.020000
825 2000.020000
826 2000.020000
827 2000.020000
828 2000.020000
829 2000.020000
830 2000.020000
831 2000.020000
832 2000.020000
833 2000.020000
834 2000.020000
835 2000.020000
836 2000.020000
837 2000.020000
838 2000.020000
839 2000.020000
840 2000.020000
841 2000.020000
842 2000.020000
843 2000.020000
844 2000.020000
845 2000.020000
846 2000.020000
847 2000.020000
848 2000.020000
849 2000.020000
850 2000.020000
851 2000.020000
852 2000.020000
853 2000.020000
854 2000.020000
855 2000.020000
856 2000.020000
857 2000.020000
858 2000.020000
859 2000.020000
860 2000.020000
861 2000.020000
862 2000.020000
863 2000.020000
864 2000.020000
865 2000.020000
866 2000.020000
867 2000.020000
868 2000.020000
869 2000.020000
870 2000.020000
871 2000.020000
872 2000.020000
873 2000.020000
874 2000.020000
875 2000.020000
876 2000.020000
877 2000.020000
878 2000.020000
879 2000.020000
880 2000.020000
881 2000.020000
882 2000.020000
883 2000.020000
884 2000.020000
885 2000.020000
886 2000.020000
887 2000.020000
888 2000.020000
889 2000.020000
890 2000.020000
891 2000.020000
892 2000.020000
893 2000.020000
894 2000.020000
895 2000.020000
896 2000.020000
897 2000.020000
898 2000.020000
899 2000.020000
900 2000.020000
901 2000.020000
902 2000.020000
903 2000.020000
904 2000.020000
905 2000.020000
906 2000.020000
907 2000.020000
908 2000.020000
909 2000.020000
910 2000.020000
911 2000.020000
912 2000.020000
913 2000.020000
914 2000.020000
915 2000.020000
916 2000.020000
917 2000.020000
918 2000.020000
919 2000.020000
920 2000.020000
921 2000.020000
922 2000.020000
923 2000.020000
924 2000.020000
925 2000.020000
926 2000.020000
927 2000.020000
928 2000.020000
929 2000.020000
930 2000.020000
931 2000.020000
932 2000.020000
933 2000.020000
934 2000.020000
935 2000.020000
936 2000.020000
937 2000.020000
938 2000.020000
939 2000.020000
940 2000.020000
941 2000.020000
942 2000.020000
943 2000.020000
944 2000.020000
945 2000.020000
946 2000.020000
947 2000.020000
948 2000.020000
949 2000.020000
950 2000.020000
951 2000.020000
952 2000.020000
953 2000.020000
954 2000.020000
955 2000.020000
956 2000.020000
957 2000.020000
958 2000.020000
959 2000.020000
960 2000.020000
961 2000.020000
962 2000.020000
963 2000.020000
964 2000.020000
965 2000.020000
966 2000.020000
967 2000.020000
968 2000.020000
969 2000.020000
970 2000.020000
971 2000.020000
972 2000.020000
973 2000.020000
974 2000.020000
975 2000.020000
976 2000.020000
977 2000.020000
978 2000.020000
979 2000.020000
980 2000.020000
981 2000.020000
982 2000.020000
983 2000.020000
984 2000.020000
985 2000.020000
986 2000.020000
987 2000.020000
988 2000.020000
989 2000.020000
990 2000.020000
991 2000.020000
992 2000.020000
993 2000.020000
994 2000.020000
995 2000.020000
996 2000.020000
997 2000.020000
998 2000.020000
999 2000.020000
1000 2000.020000
1001 2000.020000
1002 2000.020000
1003 2000.020000
1004 2000.020000
1005 2000.020000
1006 2000.020000
1007 2000.020000
1008 2000.020000
1009 2000.020000
1010 2000.020000
1011 2000.020000
1012 2000.020000
1013 2000.020000
1014 2000.020000
1015 2000.020000
1016 2000.020000
1017 2000.020000
1018 2000.020000
1019 2000.020000
1020 2000.020000
1021 2000.020000
1022 2000.020000
1023 2000.020000
1024 2000.020000
1025 2000.020000
1026 2000.020000
1027 2000.020000
1028 2000.020000
1029 2000.020000
1030 2000.020000
1031 2000.020000
1032 2000.020000
1033 2000.020000
1034 2000.020000
1035 2000.020000
1036 2000.020000
1037 2000.020000
1038 2000.020000
1039 2000.020000
1040 2000.020000
1041 2000.020000
1042 2000.020000
1043 2000.020000
1044 2000.020000
1045 2000.020000
1046 2000.020000
1047 2000.020000
1048 2000.020000
1049 2000.020000
1050 2000.020000
1051 2000.020000
1052 2000.020000
1053 2000.020000
1054 2000.020000
1055 2000.020000
1056 2000.020000
1057 2000.020000
1058 2000.020000
1059 2000.020000
1060 2000.020000
1061 2000.020000
1062 2000.020000
1063 2000.020000
1064 2000.020000
1065 2000.020000
1066 2000.020000
1067 2000.020000
1068 2000.020000
1069 2000.020000
1070 2000.020000
1071 2000.020000
1072 2000.020000
1073 2000.020000
1074 2000.020000
1075 2000.020000
1076 2000.020000
1077 2000.020000
1078 2000.020000
1079 2000.020000
1080 2000.020000
1081 2000.020000
1082 2000.020000
1083 2000.020000
1084 2000.020000
1085 2000.020000
1086 2000.020000
1087 2000.020000
1088 2000.020000
1089 2000.020000
1090 2000.020000
1091 2000.020000
1092 2000.020000
1093 2000.020000
1094 2000.020000
1095 2000.020000
1096 2000.020000
1097 2000.020000
1098 2000.020000
1099 2000.020000
1100 2000.020000
1101 2000.020000
1102 2000.020000
1103 2000.020000
1104 2000.020000
1105 2000.020000
1106 2000.020000
1107 2000.020000
